
payload size: 10
1000 519
	1000 515
	1018 519


payload size: 33
1000 560
	1000 556
	974 559


payload size: 43
1000 602
	1000 603
	851 606


payload size: 53
1000 653
	1000 661
	911 664


payload size: 63
1000 694
	1000 704
	906 706


payload size: 73
1000 727
	1000 735
	908 738


payload size: 83
1000 774
	1000 807
	825 808


payload size: 93
1000 796
	1000 803
	918 805


payload size: 103
1000 835
	1000 862
	943 863


payload size: 110
1000 861
	1000 885
	930 885


payload size: 10	1000 514
	1000 515
	1014 516


payload size: 33	1000 556
	1000 559
	966 560


payload size: 43	1000 600
	1000 604
	898 607


payload size: 53	1000 658
	1000 666
	839 658


payload size: 63	1000 703
	1000 702
	806 705


payload size: 73	1000 736
	1000 723
	900 736


payload size: 83	1000 788
	1000 786
	900 789


payload size: 93	1000 810
	1000 790
	918 808


payload size: 103	1000 778
	1000 926
	967 926


payload size: 110	1000 774
	1000 983
	955 983


payload size: 10	1000 513
	1000 506
	215 504


payload size: 33	1000 552
	1000 550
	956 549


payload size: 43	1000 612
	1000 606
	911 604


payload size: 53	1000 642
	1000 668
	963 667


payload size: 63	1000 637
	1000 724
	946 727


payload size: 73	1000 635
	1000 790
	946 790


payload size: 83	1000 661
	1000 853
	954 853


payload size: 10	1000 520
	1000 517
	1081 521


payload size: 33	1000 559
	1000 561
	1036 563


payload size: 43	1000 604
	1000 605
	943 607


payload size: 53	1000 658
	1000 661
	936 664


payload size: 63	1000 694
	1000 708
	947 709


payload size: 73	1000 724
	1000 737
	977 740


payload size: 83	1000 791
	1000 807
	942 808


payload size: 93	1000 792
	1000 817
	973 819


payload size: 103	1000 839
	1000 859
	990 861


payload size: 110	1000 867
	1000 896
	978 897



-----csma


payload size: 10	1000 446
	1000 464
	882 468


payload size: 33	1000 496
	1000 677
	1132 681


payload size: 43	1000 539
	1000 282
	728 541


payload size: 53	1000 440
	1000 699
	925 702


payload size: 63	1000 391
	1000 566
	670 570


payload size: 73	1000 684
	1000 410
	765 683


payload size: 83	1000 431
	1000 525
	565 529


payload size: 93	1000 395
	1000 756
	741 760


payload size: 103	1000 514
	1000 559
	546 556


payload size: 110	1000 421
	1000 670
	577 676


payload size: 10	1000 443
	1000 355
	771 443


payload size: 33	1000 398
	1000 584
	914 576


payload size: 43	1000 326
	1000 739
	1012 740


payload size: 53	1000 470
	1000 535
	747 542


payload size: 63	1000 389
	1000 461
	558 465


payload size: 73	1000 486
	1000 444
	577 488


payload size: 83	1000 979
	1000 335
	987 988


payload size: 93	1000 439
	1000 657
	643 662


payload size: 103	1000 429
	1000 449
	424 450


payload size: 110	1000 786
	1000 441
	698 789


payload size: 10	1000 435
	1000 503
	893 506


payload size: 33	1000 362
	1000 599
	920 601


payload size: 43	1000 555
	1000 386
	787 557


payload size: 53	1000 538
	1000 663
	889 667


payload size: 63	1000 382
	1000 605
	725 609


payload size: 73	1000 382
	1000 586
	644 582


payload size: 83	1000 673
	1000 369
	684 676


payload size: 93	1000 838
	1000 406
	811 838


payload size: 103	1000 596
	1000 480
	551 597


payload size: 110	1000 410
	1000 862
	746 863


1000	518	1000	516	1014	517
1000	555	1000	556	962	557
1000	603	1000	601	897	604
1000	653	1000	654	883	657
1000	690	1000	692	872	694
1000	717	1000	721	858	724
1000	784	1000	780	803	783
1000	786	1000	798	804	795
1000	840	1000	844	896	847
1000	867	1000	870	853	870
